%YAML:1.0
---
Matches:
   - [ 0, 47, 0, 6.2676775455474854e-01 ]
   - [ 1, 0, 0, 9.8679717630147934e-03 ]
   - [ 2, 108, 0, 5.6905817985534668e-01 ]
   - [ 3, 1, 0, 1.1431579478085041e-02 ]
   - [ 4, 2, 0, 1.6369460150599480e-02 ]
   - [ 5, 3, 0, 2.7368774637579918e-02 ]
   - [ 6, 4, 0, 1.3141650706529617e-02 ]
   - [ 7, 5, 0, 2.9985086992383003e-02 ]
   - [ 8, 7, 0, 1.8870295956730843e-02 ]
   - [ 9, 9, 0, 2.2115252912044525e-02 ]
   - [ 10, 98, 0, 5.2599185705184937e-01 ]
   - [ 11, 237, 0, 4.9216082692146301e-01 ]
   - [ 12, 11, 0, 4.5963622629642487e-02 ]
   - [ 13, 96, 0, 4.9624788761138916e-01 ]
   - [ 14, 12, 0, 7.0034965872764587e-02 ]
   - [ 15, 13, 0, 2.4763785302639008e-02 ]
   - [ 16, 132, 0, 5.3578191995620728e-01 ]
   - [ 17, 98, 0, 5.0277173519134521e-01 ]
   - [ 18, 377, 0, 4.8465153574943542e-01 ]
   - [ 19, 132, 0, 5.3424894809722900e-01 ]
   - [ 20, 71, 0, 5.0691014528274536e-01 ]
   - [ 21, 211, 0, 5.8364820480346680e-01 ]
   - [ 22, 15, 0, 3.6622315645217896e-01 ]
   - [ 23, 19, 0, 4.8873630166053772e-01 ]
   - [ 24, 18, 0, 6.6939346492290497e-02 ]
   - [ 25, 138, 0, 5.9699696302413940e-01 ]
   - [ 26, 355, 0, 6.4299345016479492e-01 ]
   - [ 27, 20, 0, 4.9746807664632797e-02 ]
   - [ 28, 375, 0, 6.0355496406555176e-01 ]
   - [ 29, 139, 0, 4.1839307546615601e-01 ]
   - [ 30, 154, 0, 5.8613717555999756e-01 ]
   - [ 31, 23, 0, 5.4398585110902786e-02 ]
   - [ 32, 169, 0, 6.2055975198745728e-01 ]
   - [ 33, 24, 0, 1.0423473268747330e-01 ]
   - [ 34, 54, 0, 5.1653367280960083e-01 ]
   - [ 35, 26, 0, 6.3678815960884094e-02 ]
   - [ 36, 66, 0, 5.5374115705490112e-01 ]
   - [ 37, 158, 0, 3.3355158567428589e-01 ]
   - [ 38, 368, 0, 5.2645802497863770e-01 ]
   - [ 39, 32, 0, 6.1879504472017288e-02 ]
   - [ 40, 31, 0, 5.1182633638381958e-01 ]
   - [ 41, 443, 0, 5.2734565734863281e-01 ]
   - [ 42, 33, 0, 8.1081055104732513e-02 ]
   - [ 43, 442, 0, 5.6613546609878540e-01 ]
   - [ 44, 34, 0, 7.1797639131546021e-02 ]
   - [ 45, 35, 0, 6.2235433608293533e-02 ]
   - [ 46, 36, 0, 1.0827521234750748e-01 ]
   - [ 47, 37, 0, 9.0381756424903870e-02 ]
   - [ 48, 39, 0, 5.0579529255628586e-02 ]
   - [ 49, 41, 0, 9.6770346164703369e-02 ]
   - [ 50, 40, 0, 7.5829736888408661e-02 ]
   - [ 51, 42, 0, 7.4398718774318695e-02 ]
   - [ 52, 30, 0, 4.3582451343536377e-01 ]
   - [ 53, 43, 0, 1.7283743619918823e-01 ]
   - [ 54, 44, 0, 1.4071787893772125e-01 ]
   - [ 55, 45, 0, 1.8209497630596161e-01 ]
   - [ 56, 46, 0, 2.0585438609123230e-01 ]
   - [ 57, 245, 0, 5.9131640195846558e-01 ]
   - [ 58, 47, 0, 9.7744733095169067e-02 ]
   - [ 59, 97, 0, 6.0312086343765259e-01 ]
   - [ 60, 48, 0, 1.4439937472343445e-01 ]
   - [ 61, 51, 0, 9.0397059917449951e-02 ]
   - [ 62, 52, 0, 6.1628833413124084e-02 ]
   - [ 63, 53, 0, 7.6571583747863770e-02 ]
   - [ 64, 54, 0, 8.0022431910037994e-02 ]
   - [ 65, 57, 0, 9.8015375435352325e-02 ]
   - [ 66, 55, 0, 6.7191354930400848e-02 ]
   - [ 67, 56, 0, 7.5764797627925873e-02 ]
   - [ 68, 58, 0, 5.4165400564670563e-02 ]
   - [ 69, 59, 0, 8.7640807032585144e-02 ]
   - [ 70, 207, 0, 2.5691145658493042e-01 ]
   - [ 71, 60, 0, 9.0085014700889587e-02 ]
   - [ 72, 61, 0, 1.1162623763084412e-01 ]
   - [ 73, 211, 0, 4.2842239141464233e-01 ]
   - [ 74, 62, 0, 2.9866719245910645e-01 ]
   - [ 75, 224, 0, 5.8121520280838013e-01 ]
   - [ 76, 63, 0, 6.5287575125694275e-02 ]
   - [ 77, 64, 0, 5.3278107196092606e-02 ]
   - [ 78, 65, 0, 6.0665342956781387e-02 ]
   - [ 79, 67, 0, 5.0141185522079468e-02 ]
   - [ 80, 227, 0, 4.8532271385192871e-01 ]
   - [ 81, 66, 0, 6.1274901032447815e-02 ]
   - [ 82, 68, 0, 2.7085792273283005e-02 ]
   - [ 83, 69, 0, 4.1802983731031418e-02 ]
   - [ 84, 70, 0, 4.7441866248846054e-02 ]
   - [ 85, 239, 0, 5.5254316329956055e-01 ]
   - [ 86, 71, 0, 3.9760183542966843e-02 ]
   - [ 87, 72, 0, 7.0012032985687256e-02 ]
   - [ 88, 73, 0, 9.5882654190063477e-02 ]
   - [ 89, 75, 0, 4.4961109757423401e-02 ]
   - [ 90, 74, 0, 1.3740012049674988e-01 ]
   - [ 91, 74, 0, 5.0082719326019287e-01 ]
   - [ 92, 76, 0, 1.8083733320236206e-01 ]
   - [ 93, 77, 0, 1.9723308086395264e-01 ]
   - [ 94, 80, 0, 1.4955052733421326e-01 ]
   - [ 95, 78, 0, 2.0650407671928406e-01 ]
   - [ 96, 79, 0, 1.4575251936912537e-01 ]
   - [ 97, 83, 0, 1.0758926719427109e-01 ]
   - [ 98, 87, 0, 5.4978739470243454e-02 ]
   - [ 99, 86, 0, 2.7993550896644592e-01 ]
   - [ 100, 84, 0, 1.5439900755882263e-01 ]
   - [ 101, 88, 0, 3.3138427138328552e-01 ]
   - [ 102, 89, 0, 1.3078002631664276e-01 ]
   - [ 103, 90, 0, 5.8799393475055695e-02 ]
   - [ 104, 92, 0, 1.8715268373489380e-01 ]
   - [ 105, 91, 0, 1.0512057691812515e-02 ]
   - [ 106, 93, 0, 3.6224812269210815e-01 ]
   - [ 107, 98, 0, 3.8703185319900513e-01 ]
   - [ 108, 94, 0, 1.1998675763607025e-02 ]
   - [ 109, 93, 0, 4.5370051264762878e-01 ]
   - [ 110, 96, 0, 1.8504321575164795e-02 ]
   - [ 111, 98, 0, 1.7932448536157608e-02 ]
   - [ 112, 97, 0, 1.6037218272686005e-02 ]
   - [ 113, 99, 0, 2.5902997702360153e-02 ]
   - [ 114, 100, 0, 1.5576858073472977e-02 ]
   - [ 115, 102, 0, 1.0667829774320126e-02 ]
   - [ 116, 103, 0, 4.7030951827764511e-02 ]
   - [ 117, 104, 0, 3.2825469970703125e-02 ]
   - [ 118, 105, 0, 6.4086645841598511e-02 ]
   - [ 119, 106, 0, 6.7150168120861053e-02 ]
   - [ 120, 109, 0, 3.3866804093122482e-02 ]
   - [ 121, 108, 0, 1.6094975173473358e-02 ]
   - [ 122, 110, 0, 7.2537310421466827e-02 ]
   - [ 123, 292, 0, 6.1600410938262939e-01 ]
   - [ 124, 111, 0, 3.0931161716580391e-02 ]
   - [ 125, 112, 0, 2.2828811779618263e-02 ]
   - [ 126, 114, 0, 4.9905724823474884e-02 ]
   - [ 127, 116, 0, 6.4054146409034729e-02 ]
   - [ 128, 115, 0, 6.5580673515796661e-02 ]
   - [ 129, 288, 0, 4.9930998682975769e-01 ]
   - [ 130, 284, 0, 5.4308414459228516e-01 ]
   - [ 131, 122, 0, 2.3712536692619324e-01 ]
   - [ 132, 123, 0, 4.5601692050695419e-02 ]
   - [ 133, 121, 0, 7.0052236318588257e-02 ]
   - [ 134, 291, 0, 3.6720675230026245e-01 ]
   - [ 135, 284, 0, 4.9668917059898376e-01 ]
   - [ 136, 95, 0, 4.5780724287033081e-01 ]
   - [ 137, 125, 0, 5.3354436159133911e-01 ]
   - [ 138, 124, 0, 5.3454643487930298e-01 ]
   - [ 139, 127, 0, 6.7918963730335236e-02 ]
   - [ 140, 129, 0, 3.3511793613433838e-01 ]
   - [ 141, 124, 0, 4.9753564596176147e-01 ]
   - [ 142, 131, 0, 6.1684127897024155e-02 ]
   - [ 143, 134, 0, 5.3192891180515289e-02 ]
   - [ 144, 133, 0, 1.1347825080156326e-01 ]
   - [ 145, 135, 0, 3.5080882906913757e-01 ]
   - [ 146, 140, 0, 5.0066006183624268e-01 ]
   - [ 147, 21, 0, 4.8901537060737610e-01 ]
   - [ 148, 138, 0, 4.9149468541145325e-02 ]
   - [ 149, 136, 0, 8.6155794560909271e-02 ]
   - [ 150, 137, 0, 7.7743515372276306e-02 ]
   - [ 151, 416, 0, 6.0503745079040527e-01 ]
   - [ 152, 263, 0, 5.5788755416870117e-01 ]
   - [ 153, 142, 0, 5.3888268768787384e-02 ]
   - [ 154, 22, 0, 5.8737128973007202e-01 ]
   - [ 155, 140, 0, 3.9277115464210510e-01 ]
   - [ 156, 141, 0, 1.7374987900257111e-01 ]
   - [ 157, 143, 0, 1.1924194544553757e-01 ]
   - [ 158, 145, 0, 7.6067455112934113e-02 ]
   - [ 159, 149, 0, 1.2919080257415771e-01 ]
   - [ 160, 150, 0, 6.6782943904399872e-02 ]
   - [ 161, 148, 0, 2.4183253943920135e-01 ]
   - [ 162, 316, 0, 2.9837608337402344e-01 ]
   - [ 163, 151, 0, 4.0849140286445618e-01 ]
   - [ 164, 153, 0, 1.5410333871841431e-01 ]
   - [ 165, 154, 0, 2.2519664466381073e-01 ]
   - [ 166, 156, 0, 3.6167630553245544e-01 ]
   - [ 167, 175, 0, 6.3987404108047485e-01 ]
   - [ 168, 157, 0, 4.5210686326026917e-01 ]
   - [ 169, 428, 0, 5.1737678050994873e-01 ]
   - [ 170, 152, 0, 4.4467309117317200e-01 ]
   - [ 171, 12, 0, 6.0067236423492432e-01 ]
   - [ 172, 434, 0, 5.6601983308792114e-01 ]
   - [ 173, 164, 0, 6.3560575246810913e-02 ]
   - [ 174, 166, 0, 8.0396518111228943e-02 ]
   - [ 175, 162, 0, 4.6055045723915100e-01 ]
   - [ 176, 167, 0, 1.0362768173217773e-01 ]
   - [ 177, 161, 0, 4.7484225034713745e-01 ]
   - [ 178, 160, 0, 4.7980752587318420e-01 ]
   - [ 179, 169, 0, 8.4882229566574097e-02 ]
   - [ 180, 170, 0, 6.1369180679321289e-02 ]
   - [ 181, 172, 0, 2.0551590621471405e-01 ]
